group,function,value,throughput_num,throughput_type,sample_measured_value,unit,iteration_count
iso_10_cols,,2,,,1172675534.0,ns,1
iso_10_cols,,2,,,1434913911.0,ns,1
iso_10_cols,,2,,,986886001.0,ns,1
iso_10_cols,,2,,,1169957011.0,ns,1
iso_10_cols,,2,,,1434224103.0,ns,1
iso_10_cols,,2,,,1229457817.0,ns,1
iso_10_cols,,2,,,1014061292.0,ns,1
iso_10_cols,,2,,,1047626108.0,ns,1
iso_10_cols,,2,,,1265404992.0,ns,1
iso_10_cols,,2,,,1030911424.0,ns,1
